100
100 1
100
10 3
20 3 15
260106 5
149776 333190 320542 718403 87750
464770 5
693456 674589 612169 484854 99120
11 5
5 5 5 5 10
1000000 5
251651 805201 785310 816486 605998
2 5
1 1 1 1 1
253579 5
42679 874479 245087 363932 201188
838515 5
668753 49747 417530 814416 117165
10 5
1 1 1 1 1
8 5
320 263 92 124 42
326710 4
451673 499162 968894 69902
690940 3
908832 446215 361879
663045 5
217880 295217 595026 875960 979368
48095 5
564818 707773 627329 46762 1366
731329 3
622276 538228 605807
379446 1
686433
930534 3
960823 631337 299231
362665 2
437858 994600
5 5
10 686 176 435 180
500169 2
4754 253423
277461 5
922209 370715 405981 390950 872262
362264 5
942828 669709 447905 388542 79006
1000000 1
1000000
103445 4
309666 72445 576614 872200
728947 5
984228 210406 27922 346492 598947
449595 4
383234 67448 243407 305442
503357 1
325616
8 5
3 1 3 5 4
280786 2
662620 621702
855981 4
125362 604839 914292 841545
1 5
1000000 1000000 1000000 1000000 1000000
10 5
5 5 5 5 10
855136 5
545150 897215 132370 354142 222675
856313 4
235730 367661 574226 202820
556476 3
459774 44861 56644
435547 2
717673 661254
1000000 5
462436 264572 22000 700019 111777
562535 5
928134 890234 527579 420797 418191
722421 2
757693 526826
975662 2
221580 725226
614319 3
341009 420945 4508
2 5
7 2 8 2 2
624571 1
585878
1000000 5
935381 155421 978068 224762 930172
987559 2
345581 541959
6 5
1 2 1 1 2
602872 1
306737
621391 5
544085 431259 238209 114504 52276
512847 5
108625 306154 329799 463935 583164
106067 5
54068 132547 339787 376417 377147
128248 5
234877 263128 398972 496619 520089
661739 5
162517 242624 369279 766424 956817
654870 5
254965 341911 355692 283094 158720
150919 3
109919 416536 977934
3 4
2 2 2 3
920492 4
751563 339122 913708 368698
525369 1
529676
1000000 5
537195 813452 735272 83139 915932
98364 1
994203
1 5
1 1 1 1 1
925062 1
399780
109731 3
269001 717914 450739
964889 2
528386 901931
6987 5
504747 809348 897221 32325 305215
918651 1
269852
2 4
2 2 2 6
1000000 5
1000000 1000000 1000000 1000000 1000000
3 5
80 127 99 36 42
804178 5
588307 550362 109619 59173 716101
418512 4
806995 596824 797957 493427
310164 4
839593 194934 579234 965592
821571 1
413111
3 4
2 2 2 4
11 5
10 5 5 5 5
649388 4
212743 343127 37400 137804
216810 5
645854 746209 782624 909157 992154
697308 5
90498 88953 140650 220670 150691
1000000 5
1 1 1 1 1
8 5
221 86 87 314 232
827016 4
718178 681432 846724 560145
812998 3
476864 100783 640077
990527 5
21229 169623 291741 53512 232667
507662 3
581193 629813 856497
5 5
1 4 4 4 3
1000000 5
435045 19577 465744 242317 214248
177909 2
642185 101878
1 5
678459 292136 534077 175995 754056
298283 3
654356 615446 924554
9 5
3 1 1 3 1
1000000 1
999999
824406 4
636444 402603 56858 475157
994926 5
266604 348835 237632 197203 261682
575388 2
897235 903986
177706 2
211801 329039
475826 5
532552 541774 71183 343237 656275
255166 5
579016 551066 145762 145664 119665
752719 1
126000
6 5
423 91 369 278 240
3 3
1 1 100
